,Country,Total Cases,New Cases,Total Deaths,New Deaths,Total Recovered,New Recovered,Active Cases,Serious/Critical,Tot Cases/1M,Deaths/1M,Total Tests,Tests/1M,Population,Continent,%Inc Cases,%Inc Deaths,%Inc Recovered
0,World,118146858,388763.0,2621297,9069.0,93848824,401854.0,21676737.0,89723,15157.0,336.3,-1,-1,-1,All,0.32905064644207466,0.3459737679476992,0.4281928988263082
1,USA,29801506,55683.0,540574,1704.0,20549678,99762.0,8711254.0,12715,89673.0,1627.0,371894718,1119032,332336197,North America,0.1868462620647426,0.31522048785180196,0.48546746085267123
2,India,11261470,16846.0,158079,113.0,10917624,20138.0,185767.0,8944,8106.0,114.0,222716796,160308,1389308662,Asia,0.14958970720518724,0.0714832457189127,0.18445405337278514
3,Brazil,11125017,69537.0,268568,1954.0,9843218,60898.0,1013231.0,8318,52084.0,1257.0,28600000,133897,213596922,South America,0.6250507302595583,0.7275624795210152,0.6186797854116408
4,Russia,4342474,9445.0,89809,336.0,3932177,9931.0,320488.0,2300,29748.0,615.0,113700000,778887,145977558,Europe,0.21750274152476215,0.37412731463439075,0.25255729841255875
5,UK,4228998,5766.0,124797,231.0,3315934,37305.0,788267.0,1356,62071.0,1832.0,98133566,1440364,68131084,Europe,0.13634435391078453,0.18510060337988893,1.1250223918811413
6,France,3932862,23302.0,89301,316.0,267539,1443.0,3576022.0,3918,60160.0,1366.0,55599261,850494,65372907,Europe,0.592494727758055,0.3538594192674214,0.5393606165830028
7,Spain,3164983,4013.0,71727,291.0,2823433,12504.0,269823.0,2358,67675.0,1534.0,40292390,861551,46767250,Europe,0.12679373001371572,0.4057049646576603,0.44286512199864486
8,Italy,3101093,19749.0,100479,376.0,2521731,12999.0,478883.0,2756,51342.0,1664.0,42872865,709809,60400547,Europe,0.6368399786784853,0.3742075458553529,0.5154792481830933
9,Turkey,2807387,13755.0,29160,66.0,2640669,8639.0,137558.0,1289,33043.0,343.0,34403108,404928,84961145,Asia,0.48995738742111433,0.22633744855967078,0.3271519452078242
10,Germany,2520609,6841.0,72981,283.0,2319600,8700.0,128028.0,2848,30019.0,869.0,45114160,537277,83968223,Europe,0.27140266499088117,0.38777215987722835,0.3750646663217796
11,Colombia,2282372,3511.0,60676,78.0,2183635,2858.0,38061.0,1982,44530.0,1184.0,11784331,229917,51254665,South America,0.15383118965707607,0.128551651394291,0.1308826795687008
12,Argentina,2162001,7307.0,53252,131.0,1956591,5051.0,152158.0,3525,47537.0,1171.0,7791570,171318,45480270,South America,0.3379739417326819,0.24600015022909938,0.2581530836030627
13,Mexico,2130477,1877.0,190923,319.0,1675996,5565.0,263558.0,4798,16406.0,1470.0,5626739,43329,129861409,North America,0.08810233576799936,0.16708306490050964,0.332041365253855
14,Poland,1811036,9954.0,45599,282.0,1503353,9270.0,262084.0,1837,47888.0,1206.0,10328276,273104,37818045,Europe,0.5496301564408438,0.618434614794184,0.6166216450826918
15,Iran,1706559,8554.0,60867,81.0,1456759,7409.0,188933.0,3811,20141.0,718.0,11274630,133067,84729135,Asia,0.5012425588567404,0.1330770368179802,0.5085947641305116
16,South Africa,1522697,991.0,50906,103.0,1444282,2237.0,27509.0,546,25454.0,851.0,9299884,155462,59820794,Africa,0.06508189088177097,0.20233371311829648,0.15488664956012746
17,Ukraine,1410061,3261.0,27204,76.0,1199229,975.0,183628.0,177,32376.0,625.0,7062386,162159,43552328,Europe,0.23126659059430765,0.2793706807822379,0.08130223668707144
18,Indonesia,1392945,6389.0,37757,210.0,1210877,7496.0,144311.0,-1,5056.0,137.0,11266592,40894,275506383,Asia,0.45866850449945973,0.5561882564822417,0.6190554449378426
19,Peru,1380023,5556.0,48163,190.0,1288067,5839.0,43793.0,2192,41459.0,1447.0,7986252,239927,33286198,South America,0.4026019856190803,0.3944936984822374,0.4533149284936265
20,Czechia,1335999,10594.0,22280,207.0,1164688,392.0,149031.0,1789,124596.0,2078.0,8877876,827955,10722655,Europe,0.7929646653927137,0.929084380610413,0.03365708241177036
21,Netherlands,1128202,4293.0,15917,56.0,0,0.0,0.0,556,65742.0,928.0,6970400,406178,17160963,Europe,0.3805169641606734,0.3518250926682164,
22,Canada,893518,2820.0,22304,28.0,841035,2945.0,30179.0,549,23533.0,587.0,25352166,667703,37969201,North America,0.3156064007664087,0.1255380200860832,0.3501637862871343
23,Chile,864064,3531.0,21182,19.0,814088,4147.0,28794.0,1839,44936.0,1102.0,9819159,510649,19228797,South America,0.4086502851640619,0.08969880086866207,0.5094043887147335
24,Romania,835552,4989.0,21056,93.0,767219,5588.0,47277.0,1126,43634.0,1100.0,6574329,343324,19149049,Europe,0.5970903067672628,0.4416793313069909,0.7283448402607339
25,Portugal,811306,847.0,16595,30.0,734218,1872.0,60493.0,312,79726.0,1631.0,8429713,828375,10176204,Europe,0.10439957303409564,0.1807773425730642,0.25496514659133934
26,Israel,808262,3671.0,5933,18.0,764445,3087.0,37884.0,664,87878.0,645.0,12581283,1367889,9197590,Asia,0.4541844105005555,0.30338783077701,0.40382238094303713
27,Belgium,789008,1117.0,22292,31.0,53588,71.0,713128.0,425,67876.0,1918.0,9793185,842475,11624300,Europe,0.14157017419341755,0.139063341108918,0.13249234903336568
28,Iraq,735626,4610.0,13618,22.0,668153,3692.0,53855.0,428,18013.0,333.0,7194244,176168,40837519,Asia,0.6266771430047333,0.16155088852988692,0.5525680495335649
29,Sweden,695975,-1.0,13042,34.0,0,0.0,0.0,216,68620.0,1286.0,6378529,628890,10142523,Europe,-0.00014368332195840368,0.26069621223738687,
30,Philippines,600428,2668.0,12528,7.0,546078,171.0,41822.0,785,5430.0,113.0,9098973,82284,110579574,Asia,0.44434969721598594,0.05587484035759897,0.03131420786041554
31,Pakistan,593453,1353.0,13281,54.0,563823,3365.0,16349.0,1644,2651.0,59.0,9278613,41456,223819585,Asia,0.2279877260709778,0.40659588886379033,0.5968185050982312
32,Switzerland,566412,1378.0,10065,9.0,521912,-1.0,34435.0,167,65119.0,1157.0,5286832,607816,8698077,Europe,0.24328580609167885,0.08941877794336811,-0.00019160318214564908
33,Bangladesh,552087,912.0,8489,13.0,505349,1229.0,38249.0,-1,3330.0,51.0,4180938,25215,165814495,Asia,0.16519135571024132,0.1531393568147014,0.24319826496144248
34,Serbia,494106,4576.0,4599,20.0,400347,-1.0,89160.0,189,56708.0,528.0,3072096,352584,8713088,Europe,0.9261170679975552,0.4348771472059143,-0.0002497833129759933
35,Morocco,486833,508.0,8695,12.0,473208,664.0,4930.0,272,13083.0,234.0,5743512,154353,37210287,Africa,0.10434789753365117,0.13801035077630822,0.140318844989941
36,Austria,479391,2411.0,8757,25.0,447041,2009.0,23593.0,338,53020.0,969.0,5778608,639106,9041707,Europe,0.5029297587981418,0.28548589699668836,0.44939949579568766
37,Hungary,475207,6494.0,16146,158.0,338946,2202.0,120115.0,833,49278.0,1674.0,3891778,403568,9643436,Europe,1.3665623612446787,0.9785705437879352,0.6496610079481687
38,Jordan,442202,7072.0,5046,59.0,375478,4024.0,61678.0,506,43047.0,491.0,4954682,482320,10272593,Asia,1.5992691123061404,1.1692429647245344,1.071700605628026
39,Japan,440671,679.0,8299,46.0,420260,1031.0,12112.0,381,3492.0,66.0,8673101,68720,126209420,Asia,0.15408320493066258,0.5542836486323653,0.24532432303811927
40,UAE,415705,2373.0,1345,10.0,396433,1784.0,17927.0,-1,41686.0,135.0,32641019,3273182,9972260,Asia,0.570837492933691,0.7434944237918215,0.450012990845868
41,Lebanon,401826,3939.0,5134,45.0,314783,2036.0,81909.0,932,59054.0,755.0,3180572,467432,6804352,Asia,0.9802750444222127,0.876509544215037,0.646794776083842
42,Saudi Arabia,380572,390.0,6539,5.0,371338,306.0,2695.0,515,10816.0,186.0,14076117,400064,35184626,Asia,0.1024773236076222,0.0764642911760208,0.08240470945607506
43,Panama,345759,523.0,5944,10.0,333005,786.0,6810.0,195,79281.0,1363.0,1977198,453360,4361210,North America,0.15126142775748427,0.16823687752355315,0.23603249200462453
44,Slovakia,325993,2207.0,8037,116.0,255300,-1.0,62656.0,740,59690.0,1472.0,2137775,391429,5461463,Europe,0.6770084020209023,1.443324623615777,-0.00039169604386995695
45,Malaysia,316269,1280.0,1186,9.0,296379,2345.0,18704.0,155,9687.0,36.0,6597363,202063,32649965,Asia,0.40471876788430106,0.7588532883642496,0.7912166516521076
46,Belarus,297514,1073.0,2055,8.0,288049,852.0,7410.0,-1,31492.0,218.0,5025044,531909,9447182,Europe,0.36065529689359155,0.38929440389294406,0.2957830091408059
47,Ecuador,295114,496.0,16069,26.0,256009,-1.0,23036.0,529,16555.0,901.0,1043263,58524,17826293,South America,0.16807064388676918,0.16180222789221482,-0.00039061126757262434
48,Nepal,274869,59.0,3012,1.0,270987,60.0,870.0,-1,9319.0,102.0,2199950,74588,29494729,Asia,0.0214647704906701,0.033200531208499334,0.022141283530206245
49,Georgia,273137,139.0,3601,10.0,267015,129.0,2521.0,-1,68560.0,904.0,2860823,718098,3983888,Asia,0.05089021260393136,0.27770063871146905,0.04831189259030392
50,Bulgaria,266805,3502.0,10902,138.0,217518,3403.0,38385.0,497,38599.0,1577.0,1778810,257340,6912303,Europe,1.312569104776897,1.2658227848101267,1.5644682279167699
51,Bolivia,254736,463.0,11845,22.0,199000,764.0,43891.0,71,21621.0,1005.0,764495,64887,11782012,South America,0.1817567991960304,0.18573237653018151,0.38391959798994973
52,Croatia,247099,491.0,5621,19.0,238121,464.0,3357.0,78,60448.0,1375.0,1396129,341537,4087784,Europe,0.1987057818930874,0.33801814623732435,0.19485891626526008
53,Dominican Republic,243778,252.0,3191,12.0,198947,561.0,41640.0,185,22319.0,292.0,1233986,112976,10922503,North America,0.10337274077234204,0.3760576621748668,0.28198464917792176
54,Tunisia,238613,596.0,8268,43.0,205176,2182.0,25169.0,273,20046.0,695.0,1011915,85011,11903400,Africa,0.24977683529396974,0.5200774068698597,1.0634772098101142
55,Azerbaijan,237260,297.0,3250,3.0,229915,126.0,4095.0,-1,23257.0,319.0,2663151,261045,10201873,Asia,0.12517912838236533,0.0923076923076923,0.05480286192723398
56,Ireland,223957,306.0,4452,30.0,23364,-1.0,196141.0,93,45011.0,895.0,3656842,734957,4975586,Europe,0.13663337158472386,0.6738544474393532,-0.004280089025851737
57,Kazakhstan,219325,571.0,2819,-1.0,202694,464.0,13812.0,221,11586.0,149.0,7822859,413240,18930569,Asia,0.26034423800296363,-0.0354735721887194,0.22891649481484405
58,Denmark,215791,527.0,2381,-1.0,206421,589.0,6989.0,38,37165.0,410.0,18364726,3162934,5806231,Europe,0.24421778480103432,-0.041999160016799666,0.28533918545109266
59,Greece,209462,3181.0,6843,46.0,179672,3594.0,22947.0,477,20164.0,659.0,5638039,542750,10387913,Europe,1.5186525479561925,0.6722197866432851,2.0003116790596196
60,Costa Rica,207832,372.0,2848,7.0,188151,176.0,16833.0,139,40544.0,556.0,717791,140029,5126029,North America,0.17899072327649254,0.24578651685393257,0.09354188922726958
61,Kuwait,203055,1157.0,1141,8.0,188167,1045.0,13747.0,181,47071.0,265.0,1867338,432878,4313777,Asia,0.5697963605919578,0.7011393514461,0.5553577407303086
62,Lithuania,202926,488.0,3343,6.0,189070,825.0,10513.0,148,75270.0,1240.0,2182242,809444,2695978,Europe,0.24048175196869792,0.17947950942267424,0.4363463267572857
63,Palestine,200382,1828.0,2170,13.0,178121,1614.0,20091.0,155,38667.0,419.0,1245509,240344,5182186,Asia,0.9122575880069069,0.599078341013825,0.9061256112417962
64,Moldova,196475,873.0,4150,21.0,173141,899.0,19184.0,331,48783.0,1030.0,748683,185893,4027499,Europe,0.44433133986512285,0.5060240963855421,0.5192299917408355
65,Slovenia,196421,740.0,3904,7.0,181915,892.0,10602.0,90,94472.0,1878.0,950058,456949,2079135,Europe,0.3767417944109846,0.17930327868852458,0.49033889453865814
66,Egypt,187716,622.0,11082,44.0,144917,432.0,31717.0,90,1811.0,107.0,1000000,9648,103652051,Africa,0.3313516162713887,0.3970402454430608,0.2981016719915538
67,Guatemala,179563,793.0,6493,14.0,165897,582.0,7173.0,5,9898.0,358.0,953641,52566,18141854,North America,0.44162772954339147,0.21561681811181274,0.3508200871625165
68,Armenia,175198,182.0,3232,7.0,165096,142.0,6870.0,-1,59048.0,1089.0,755348,254578,2967055,Asia,0.10388246441169419,0.2165841584158416,0.08601056355090372
69,Honduras,174243,514.0,4283,23.0,68085,96.0,101875.0,416,17403.0,428.0,461743,46118,10012312,North America,0.2949903295971718,0.5370067709549381,0.14100022031284426
70,Paraguay,171985,2125.0,3360,17.0,142893,1211.0,25732.0,324,23912.0,467.0,786625,109367,7192549,South America,1.2355728697270112,0.5059523809523809,0.8474872806925462
71,Ethiopia,168335,1202.0,2451,9.0,139532,893.0,26352.0,427,1440.0,21.0,2192311,18753,116901593,Africa,0.714052336115484,0.36719706242350064,0.6399965599289053
72,Qatar,167888,471.0,264,1.0,156612,313.0,11012.0,116,59793.0,94.0,1591056,566655,2807805,Asia,0.28054417230534645,0.3787878787878788,0.19985697136873293
73,Nigeria,159252,346.0,1988,6.0,139056,554.0,18208.0,10,760.0,9.0,1601396,7640,209616674,Africa,0.2172657172280411,0.30181086519114686,0.39840064434472444
74,Oman,144831,427.0,1597,3.0,135005,321.0,8229.0,75,27879.0,307.0,1550000,298365,5194982,Asia,0.29482638385428533,0.18785222291797118,0.23776897151957335
75,Venezuela,143321,547.0,1399,8.0,135389,550.0,6533.0,139,5050.0,49.0,2962352,104380,28380376,South America,0.38166074755269636,0.5718370264474625,0.406236843465865
76,Myanmar,142059,14.0,3200,-1.0,131702,23.0,7157.0,-1,2599.0,59.0,2505402,45836,54660305,Asia,0.009855060221457282,-0.03125,0.017463667977707247
77,Libya,140688,1030.0,2297,9.0,128002,1124.0,10389.0,-1,20286.0,331.0,762485,109943,6935250,Africa,0.7321164562720346,0.391815411406182,0.8781112795112577
78,Bosnia and Herzegovina,138542,1251.0,5345,48.0,119135,415.0,14062.0,-1,42410.0,1636.0,694132,212486,3266726,Europe,0.9029752710369419,0.8980355472404117,0.3483443152725899
79,Bahrain,127800,545.0,474,1.0,121106,617.0,6220.0,56,73380.0,272.0,3226434,1852557,1741611,Asia,0.4264475743348982,0.21097046413502107,0.509471041897181
80,Algeria,114543,161.0,3022,4.0,79319,132.0,32202.0,19,2580.0,68.0,-1,-1,44391836,Africa,0.14055856752485965,0.13236267372600927,0.16641662149043734
81,Albania,114209,629.0,1969,13.0,76784,897.0,35456.0,46,39716.0,685.0,490642,170621,2875632,Europe,0.550744687371398,0.6602336211274759,1.168212127526568
82,Kenya,109643,479.0,1886,7.0,87736,113.0,20021.0,86,2009.0,35.0,1340657,24564,54578543,Africa,0.4368723949545342,0.3711558854718982,0.12879547734111424
83,North Macedonia,108350,871.0,3228,22.0,95822,412.0,9300.0,124,52008.0,1549.0,548210,263143,2083315,Europe,0.8038763267189664,0.6815365551425031,0.4299638913819373
84,S. Korea,93263,446.0,1645,3.0,83900,426.0,7718.0,128,1818.0,32.0,6902984,134562,51299567,Asia,0.4782175139122696,0.182370820668693,0.5077473182359953
85,Latvia,90997,472.0,1705,6.0,80892,645.0,8400.0,84,48616.0,911.0,1600474,855060,1871769,Europe,0.5186984186291855,0.3519061583577713,0.7973594422192553
86,Ghana,86737,272.0,656,9.0,81299,347.0,4782.0,90,2752.0,21.0,929189,29484,31515269,Africa,0.31359166215110046,1.3719512195121952,0.4268195180752531
87,Kyrgyzstan,86606,23.0,1475,2.0,83606,31.0,1525.0,16,13127.0,224.0,770225,116740,6597767,Asia,0.026557051474493686,0.13559322033898305,0.03707867856373945
88,Sri Lanka,86343,304.0,511,4.0,82753,240.0,3079.0,-1,4021.0,24.0,2194290,102179,21474981,Asia,0.35208412957622504,0.7827788649706457,0.29001969717109954
89,Zambia,82897,242.0,1137,5.0,79162,441.0,2598.0,181,4425.0,61.0,1138369,60766,18733742,Africa,0.2919285378240467,0.43975373790677225,0.5570854703014072
90,Montenegro,80803,612.0,1092,7.0,70648,511.0,9063.0,69,128642.0,1739.0,296858,472613,628121,Europe,0.757397621375444,0.641025641025641,0.7233042690522025
91,Uzbekistan,80247,28.0,622,-1.0,78939,24.0,686.0,27,2374.0,18.0,1377915,40765,33801081,Asia,0.0348922701160168,-0.1607717041800643,0.03040322274161061
92,Estonia,77489,1306.0,669,2.0,57206,1565.0,19614.0,53,58388.0,504.0,994902,749654,1327149,Europe,1.6854005084592651,0.29895366218236175,2.7357270216410865
93,Norway,76484,714.0,632,-1.0,66014,-1.0,9838.0,19,14033.0,116.0,3910562,717490,5450339,Europe,0.9335285811411538,-0.15822784810126583,-0.0015148301875359772
94,Uruguay,65527,827.0,666,8.0,56399,761.0,8462.0,88,18819.0,191.0,1079088,309904,3482010,South America,1.2620751751186534,1.2012012012012012,1.3493147041614213
95,Finland,63110,588.0,776,2.0,46000,-1.0,16334.0,40,11378.0,140.0,3512031,633181,5546645,Europe,0.9317065441292981,0.25773195876288657,-0.002173913043478261
96,Mozambique,62882,179.0,700,2.0,47729,1135.0,14453.0,-1,1974.0,22.0,443786,13933,31850349,Africa,0.2846601571196845,0.2857142857142857,2.378009176810744
97,El Salvador,61539,141.0,1923,8.0,57958,225.0,1658.0,53,9455.0,295.0,789516,121302,6508699,North America,0.22912299517379225,0.41601664066562666,0.3882121536284896
98,Singapore,60052,6.0,29,-1.0,59905,5.0,118.0,1,10210.0,5.0,7805264,1326992,5881924,Asia,0.009991340837940451,-3.4482758620689653,0.008346548702111677
99,Cuba,57607,1041.0,352,2.0,52593,884.0,4662.0,69,5088.0,31.0,2558296,225961,11321853,North America,1.8070720572152688,0.5681818181818182,1.680832049892571
100,Luxembourg,56822,145.0,668,5.0,53266,26.0,2888.0,21,89775.0,1055.0,2194489,3467136,632940,Europe,0.25518285171236493,0.7485029940119761,0.048811624676153645
101,Afghanistan,55894,26.0,2451,-1.0,49409,7.0,4034.0,1084,1414.0,62.0,312655,7910,39525709,Asia,0.04651662074641286,-0.04079967360261118,0.014167459369750451
102,Uganda,40490,11.0,334,-1.0,15075,10.0,25081.0,-1,867.0,7.0,894547,19147,46720520,Africa,0.027167201778216847,-0.29940119760479045,0.06633499170812604
103,Namibia,40337,150.0,444,5.0,37893,315.0,2000.0,28,15681.0,173.0,314993,122454,2572331,Africa,0.3718670203535216,1.1261261261261262,0.8312881007046157
104,Cyprus,37650,420.0,233,-1.0,2057,-1.0,35360.0,29,31029.0,192.0,2343468,1931333,1213394,Asia,1.1155378486055778,-0.4291845493562232,-0.04861448711716091
105,Cameroon,36794,-1.0,566,-1.0,32936,-1.0,3292.0,53,1363.0,21.0,905000,33524,26995539,Africa,-0.0027178344295265533,-0.17667844522968199,-0.003036191401505951
106,Zimbabwe,36321,32.0,1489,2.0,33919,47.0,913.0,25,2420.0,99.0,353701,23563,15010955,Africa,0.08810330112056386,0.1343183344526528,0.13856540581974705
107,Senegal,36039,80.0,930,5.0,31184,269.0,3925.0,38,2114.0,55.0,404315,23722,17043964,Africa,0.22198174200172036,0.5376344086021506,0.8626218573627501
108,Ivory Coast,35477,146.0,206,2.0,32882,82.0,2389.0,-1,1323.0,8.0,445505,16609,26822819,Africa,0.411534233447022,0.9708737864077669,0.24937655860349126
109,Botswana,32912,-1.0,413,-1.0,27765,-1.0,4734.0,1,13805.0,173.0,846715,355163,2384019,Africa,-0.003038405444822557,-0.24213075060532688,-0.003601656762110571
110,Malawi,32528,59.0,1074,4.0,23691,586.0,7763.0,69,1671.0,55.0,204623,10512,19466178,Africa,0.18138219380226264,0.37243947858473,2.473513148452999
111,Australia,29061,15.0,909,-1.0,26204,9.0,1948.0,-1,1131.0,35.0,14690475,571556,25702606,Australia/Oceania,0.051615567255084135,-0.11001100110011,0.0343459013891009
112,Sudan,28766,-1.0,1915,-1.0,23268,-1.0,3583.0,-1,646.0,43.0,-1,-1,44546549,Africa,-0.003476326218452339,-0.05221932114882506,-0.0042977479800584495
113,Jamaica,27465,561.0,460,6.0,14595,148.0,12410.0,29,9247.0,155.0,231845,78061,2970053,North America,2.042599672310213,1.3043478260869565,1.014045906132237
114,DRC,26684,57.0,712,-1.0,22432,-1.0,3540.0,-1,292.0,8.0,-1,-1,91408877,Africa,0.21361115275071205,-0.1404494382022472,-0.004457917261055635
115,Thailand,26501,60.0,85,-1.0,25851,74.0,565.0,1,379.0,1.0,1588637,22721,69920493,Asia,0.22640655069620014,-1.1764705882352942,0.2862558508374918
116,Malta,24847,248.0,335,1.0,21477,390.0,3035.0,18,56170.0,757.0,733474,1658123,442352,Europe,0.9981084235521391,0.2985074626865672,1.815896074870792
117,Angola,21114,6.0,516,1.0,19677,20.0,921.0,10,629.0,15.0,402283,11987,33559691,Africa,0.02841716396703609,0.1937984496124031,0.10164151039284443
118,Maldives,21034,115.0,64,-1.0,18428,175.0,2542.0,179,38450.0,117.0,559713,1023153,547047,Asia,0.546733859465627,-1.5625,0.9496418493596701
119,Madagascar,20155,-1.0,300,-1.0,19543,-1.0,312.0,23,715.0,11.0,122057,4332,28175252,Africa,-0.004961548002976929,-0.33333333333333337,-0.005116921659929386
120,Rwanda,19779,120.0,270,2.0,18033,122.0,1476.0,20,1502.0,21.0,1043645,79240,13170723,Africa,0.6067040800849386,0.7407407407407408,0.6765374591027561
121,French Polynesia,18495,13.0,141,-1.0,4842,-1.0,13512.0,2,65580.0,500.0,26355,93449,282024,Australia/Oceania,0.07028926736955934,-0.7092198581560284,-0.020652622883106157
122,Mayotte,18413,98.0,129,1.0,2964,-1.0,15320.0,24,66402.0,465.0,143569,517746,277296,Africa,0.532232661706403,0.7751937984496124,-0.033738191632928474
123,Mauritania,17365,25.0,442,-1.0,16715,27.0,208.0,14,3669.0,93.0,181628,38377,4732767,Africa,0.14396775122372588,-0.22624434389140274,0.16153155848040682
124,Eswatini,17191,3.0,658,-1.0,15448,105.0,1085.0,36,14713.0,563.0,154809,132497,1168400,Africa,0.017450991798033853,-0.1519756838905775,0.6796996374935267
125,Guinea,16912,-1.0,97,-1.0,15236,-1.0,1579.0,24,1264.0,7.0,147603,11036,13374921,Africa,-0.005912961210974456,-1.0309278350515463,-0.006563402467839328
126,French Guiana,16693,-1.0,87,-1.0,9995,-1.0,6611.0,6,54921.0,286.0,153467,504914,303947,South America,-0.005990534954771461,-1.1494252873563218,-0.010005002501250627
127,Syria,16117,75.0,1074,6.0,10541,87.0,4502.0,-1,906.0,60.0,-1,-1,17790059,Asia,0.465347148973134,0.5586592178770949,0.8253486386490846
128,Gabon,16015,-1.0,91,-1.0,14047,-1.0,1877.0,23,7082.0,40.0,556935,246268,2261498,Africa,-0.0062441461130190445,-1.098901098901099,-0.007118957784580338
129,Cabo Verde,15826,20.0,154,-1.0,15159,26.0,513.0,23,28254.0,275.0,125300,223700,560126,Africa,0.12637432073802604,-0.6493506493506493,0.1715152714559008
130,Réunion,13801,676.0,71,12.0,12389,433.0,1341.0,58,15340.0,79.0,98785,109798,899699,Africa,4.898195782914281,16.901408450704224,3.495035918960368
131,Haiti,12594,58.0,250,-1.0,9967,139.0,2377.0,-1,1095.0,22.0,54379,4730,11497743,North America,0.4605367635381928,-0.4,1.394602187217819
132,Belize,12345,10.0,316,1.0,11957,31.0,72.0,2,30666.0,785.0,88587,220060,402558,North America,0.08100445524503848,0.31645569620253167,0.2592623567784561
133,Burkina Faso,12187,6.0,143,-1.0,11860,44.0,184.0,-1,572.0,7.0,-1,-1,21292809,Africa,0.049232789037498975,-0.6993006993006993,0.3709949409780776
134,Hong Kong,11121,21.0,202,-1.0,10661,25.0,258.0,14,1475.0,27.0,9296529,1233170,7538725,Asia,0.18883193957377933,-0.49504950495049505,0.2344995779007598
135,Andorra,11089,20.0,112,-1.0,10685,24.0,292.0,17,143361.0,1448.0,193595,2502844,77350,Europe,0.18035891423933628,-0.8928571428571428,0.22461394478240523
136,Lesotho,10525,2.0,309,1.0,3922,-1.0,6294.0,-1,4886.0,143.0,62593,29060,2153905,Africa,0.01900237529691211,0.3236245954692557,-0.025497195308516064
137,Guadeloupe,10149,-1.0,162,-1.0,2242,-1.0,7745.0,5,25362.0,405.0,135623,338913,400171,North America,-0.009853187506158241,-0.6172839506172839,-0.04460303300624443
138,Congo,9179,-1.0,131,-1.0,7514,-1.0,1534.0,-1,1636.0,23.0,92500,16487,5610530,Africa,-0.010894432944765225,-0.7633587786259541,-0.013308490817141336
139,Suriname,8985,5.0,175,-1.0,8487,14.0,323.0,2,15223.0,296.0,42033,71214,590238,South America,0.05564830272676684,-0.5714285714285714,0.16495817132084364
140,South Sudan,8870,-1.0,102,-1.0,4914,-1.0,3854.0,8,786.0,9.0,116018,10282,11283640,Africa,-0.011273957158962795,-0.9803921568627451,-0.02035002035002035
141,Guyana,8847,33.0,204,1.0,8200,29.0,443.0,7,11211.0,259.0,71427,90510,789161,South America,0.3730077992539844,0.49019607843137253,0.3536585365853659
142,Bahamas,8642,1.0,185,2.0,7483,18.0,974.0,1,21833.0,467.0,70352,177737,395821,North America,0.011571395510298543,1.0810810810810811,0.2405452358679674
143,Mali,8613,-1.0,358,-1.0,6450,-1.0,1805.0,-1,417.0,17.0,157586,7632,20646938,Africa,-0.011610356437942644,-0.27932960893854747,-0.01550387596899225
144,Somalia,8577,139.0,319,12.0,4031,99.0,4227.0,-1,530.0,20.0,-1,-1,16194484,Africa,1.6206132680424392,3.761755485893417,2.4559662614735798
145,Aruba,8177,67.0,77,-1.0,7893,65.0,207.0,11,76365.0,719.0,110382,1030856,107078,North America,0.8193714076067017,-1.2987012987012987,0.8235145065247689
146,Trinidad and Tobago,7736,-1.0,140,-1.0,7503,-1.0,93.0,2,5515.0,100.0,99115,70665,1402605,North America,-0.012926577042399174,-0.7142857142857143,-0.013328002132480341
147,Togo,7680,82.0,92,-1.0,6460,120.0,1128.0,-1,913.0,11.0,247179,29388,8410866,Africa,1.0677083333333333,-1.0869565217391304,1.8575851393188854
148,Martinique,6928,110.0,47,1.0,98,-1.0,6783.0,3,18472.0,125.0,108633,289639,375064,North America,1.5877598152424943,2.127659574468085,-1.0204081632653061
149,Nicaragua,6537,48.0,175,1.0,4225,-1.0,2137.0,-1,979.0,26.0,-1,-1,6678549,North America,0.7342817806333181,0.5714285714285714,-0.023668639053254437
150,Equatorial Guinea,6371,-1.0,96,-1.0,5739,-1.0,536.0,24,4442.0,67.0,101517,70782,1434218,Africa,-0.01569612305760477,-1.0416666666666665,-0.017424638438752395
151,Benin,6338,-1.0,81,-1.0,5383,-1.0,874.0,35,514.0,7.0,514906,41729,12339141,Africa,-0.01577784790154623,-1.2345679012345678,-0.01857700167193015
152,Djibouti,6181,24.0,63,-1.0,5940,5.0,178.0,-1,6194.0,63.0,118477,118735,997830,Africa,0.3882866850024268,-1.5873015873015872,0.08417508417508417
153,Iceland,6067,3.0,29,-1.0,6022,2.0,16.0,6,17700.0,85.0,508716,1484158,342764,Europe,0.049447832536673814,-3.4482758620689653,0.033211557622052475
154,CAR,5023,2.0,63,-1.0,4920,-1.0,40.0,2,1028.0,13.0,37104,7592,4887137,Africa,0.039816842524387816,-1.5873015873015872,-0.02032520325203252
155,Niger,4835,7.0,177,-1.0,4415,8.0,243.0,23,195.0,7.0,82995,3347,24799309,Africa,0.14477766287487073,-0.5649717514124294,0.1812004530011325
156,Curaçao,4830,17.0,22,-1.0,4682,5.0,126.0,5,29352.0,134.0,53539,325358,164554,North America,0.35196687370600416,-4.545454545454546,0.10679196924391286
157,Gambia,4792,-1.0,153,-1.0,4203,-1.0,436.0,8,1946.0,62.0,45147,18332,2462792,Africa,-0.020868113522537562,-0.6535947712418301,-0.023792529145848205
158,Gibraltar,4255,6.0,93,-1.0,4136,2.0,26.0,1,126321.0,2761.0,194538,5775383,33684,Europe,0.1410105757931845,-1.0752688172043012,0.04835589941972921
159,Chad,4214,21.0,148,2.0,3724,34.0,342.0,-1,252.0,9.0,-1,-1,16745966,Africa,0.4983388704318937,1.3513513513513513,0.9129967776584319
160,Channel Islands,4043,1.0,86,-1.0,3958,10.0,-1.0,1,23108.0,492.0,388235,2218968,174962,Europe,0.02473410833539451,-1.1627906976744187,0.25265285497726125
161,San Marino,3984,46.0,77,1.0,3457,21.0,450.0,9,117245.0,2266.0,45513,1339406,33980,Europe,1.1546184738955823,1.2987012987012987,0.607463118310674
162,Sierra Leone,3922,1.0,79,-1.0,2741,20.0,1102.0,-1,485.0,10.0,116448,14398,8087641,Africa,0.025497195308516064,-1.2658227848101267,0.7296607077708865
163,Saint Lucia,3902,31.0,46,-1.0,3595,29.0,261.0,2,21183.0,250.0,33074,179551,184204,North America,0.7944643772424398,-2.1739130434782608,0.8066759388038943
164,Comoros,3606,-1.0,146,-1.0,3427,-1.0,33.0,-1,4087.0,165.0,-1,-1,882231,Africa,-0.027731558513588467,-0.684931506849315,-0.02918004085205719
165,Mongolia,3372,36.0,3,-1.0,2765,177.0,604.0,7,1017.0,0.9,1934966,583809,3314382,Asia,1.0676156583629894,-33.33333333333333,6.401446654611212
166,Barbados,3333,30.0,37,-1.0,2915,68.0,381.0,-1,11588.0,129.0,130960,455328,287617,North America,0.9000900090009001,-2.7027027027027026,2.3327615780445967
167,Guinea-Bissau,3319,7.0,49,-1.0,2686,15.0,584.0,7,1660.0,25.0,54011,27010,1999675,Africa,0.21090689966857487,-2.0408163265306123,0.5584512285927029
168,Seychelles,3032,32.0,15,-1.0,2809,66.0,208.0,-1,30699.0,152.0,5200,52650,98765,Africa,1.0554089709762533,-6.666666666666667,2.3495906016375936
169,Eritrea,2944,-1.0,7,-1.0,2436,-1.0,501.0,-1,822.0,2.0,23693,6618,3580015,Africa,-0.033967391304347824,-14.285714285714285,-0.041050903119868636
170,Liechtenstein,2594,2.0,55,1.0,2519,-1.0,20.0,1,67900.0,1440.0,28293,740596,38203,Europe,0.07710100231303006,1.8181818181818181,-0.03969829297340214
171,Yemen,2586,41.0,654,1.0,1451,4.0,481.0,23,85.0,22.0,17404,575,30273670,Asia,1.585460170146945,0.1529051987767584,0.2756719503790489
172,Vietnam,2526,2.0,35,-1.0,2004,84.0,487.0,-1,26.0,0.4,2598753,26534,97939424,Asia,0.0791765637371338,-2.857142857142857,4.191616766467066
173,New Zealand,2409,4.0,26,-1.0,2304,3.0,79.0,-1,482.0,5.0,1786705,357191,5002100,Australia/Oceania,0.16604400166044,-3.8461538461538463,0.13020833333333331
174,Burundi,2339,5.0,3,-1.0,773,-1.0,1563.0,-1,193.0,0.2,90019,7420,12131153,Africa,0.21376656690893547,-33.33333333333333,-0.129366106080207
175,Turks and Caicos,2177,-1.0,15,-1.0,2020,-1.0,142.0,5,55712.0,384.0,17366,444416,39076,North America,-0.045934772622875514,-6.666666666666667,-0.04950495049504951
176,Sint Maarten,2076,2.0,27,-1.0,2031,3.0,18.0,1,48044.0,625.0,21103,488382,43210,North America,0.09633911368015415,-3.7037037037037033,0.14771048744460857
177,Monaco,2048,20.0,26,-1.0,1869,19.0,153.0,4,51936.0,659.0,51953,1317501,39433,Europe,0.9765625,-3.8461538461538463,1.0165864098448367
178,Liberia,2026,2.0,85,-1.0,1898,6.0,43.0,2,394.0,17.0,76815,14949,5138636,Africa,0.09871668311944717,-1.1764705882352942,0.31612223393045313
179,Sao Tome and Principe,1977,16.0,32,-1.0,1649,65.0,296.0,-1,8908.0,144.0,11592,52231,221938,Africa,0.8093070308548306,-3.125,3.9417828987265007
180,Papua New Guinea,1670,-1.0,16,-1.0,846,-1.0,808.0,-1,184.0,2.0,47490,5240,9062720,Australia/Oceania,-0.059880239520958084,-6.25,-0.1182033096926714
181,St. Vincent Grenadines,1663,-1.0,8,-1.0,1100,73.0,555.0,2,14957.0,72.0,37714,339210,111182,North America,-0.06013229104028864,-12.5,6.636363636363636
182,Saint Martin,1571,-1.0,12,-1.0,1399,-1.0,160.0,7,40162.0,307.0,22204,567630,39117,North America,-0.06365372374283895,-8.333333333333332,-0.07147962830593281
183,Cambodia,1060,49.0,-1,-1.0,538,21.0,522.0,-1,63.0,-1.0,534562,31673,16877329,Asia,4.622641509433962,100.0,3.903345724907063
184,Taiwan,977,1.0,10,-1.0,932,-1.0,35.0,-1,41.0,0.4,444634,18646,23846445,Asia,0.1023541453428864,-10.0,-0.1072961373390558
185,Isle of Man,952,87.0,25,-1.0,417,-1.0,510.0,2,11155.0,293.0,36419,426742,85342,Europe,9.138655462184873,-4.0,-0.2398081534772182
186,Bhutan,868,-1.0,1,-1.0,866,-1.0,1.0,-1,1116.0,1.0,544778,700741,777431,Asia,-0.1152073732718894,-100.0,-0.11547344110854503
187,Antigua and Barbuda,862,14.0,22,1.0,455,45.0,385.0,45,8753.0,223.0,16075,163223,98485,North America,1.6241299303944314,4.545454545454546,9.89010989010989
188,Bermuda,724,-1.0,12,-1.0,690,-1.0,22.0,-1,11655.0,193.0,179210,2884947,62119,North America,-0.13812154696132595,-8.333333333333332,-0.14492753623188406
189,Faeroe Islands,660,-1.0,1,-1.0,657,-1.0,2.0,-1,13472.0,20.0,234051,4777429,48991,Europe,-0.15151515151515152,-100.0,-0.15220700152207
190,Mauritius,641,-1.0,10,-1.0,588,-1.0,43.0,-1,503.0,8.0,289552,227417,1273221,Africa,-0.15600624024961,-10.0,-0.17006802721088435
191,St. Barth,638,-1.0,1,-1.0,462,-1.0,175.0,-1,64457.0,101.0,19114,1931097,9898,North America,-0.1567398119122257,-100.0,-0.21645021645021645
192,Caribbean Netherlands,587,47.0,5,-1.0,453,10.0,129.0,-1,22243.0,189.0,7178,271997,26390,North America,8.006814310051109,-20.0,2.207505518763797
193,Tanzania,509,-1.0,21,-1.0,183,-1.0,305.0,7,8.0,0.3,-1,-1,60889852,Africa,-0.19646365422396855,-4.761904761904762,-0.546448087431694
194,Cayman Islands,460,9.0,2,-1.0,426,-1.0,32.0,-1,6943.0,30.0,75560,1140511,66251,North America,1.956521739130435,-50.0,-0.2347417840375587
195,Brunei ,191,1.0,3,-1.0,183,1.0,5.0,-1,434.0,7.0,107803,244811,440352,Asia,0.5235602094240838,-33.33333333333333,0.546448087431694
196,British Virgin Islands,153,-1.0,1,-1.0,131,-1.0,21.0,-1,5038.0,33.0,13223,435411,30369,North America,-0.6535947712418301,-100.0,-0.7633587786259541
197,Dominica,151,7.0,-1,-1.0,138,8.0,13.0,-1,2094.0,-1.0,12122,168107,72109,North America,4.635761589403973,100.0,5.797101449275362
198,Timor-Leste,142,20.0,-1,-1.0,94,-1.0,48.0,-1,106.0,-1.0,22857,17114,1335586,Asia,14.084507042253522,100.0,-1.0638297872340425
199,New Caledonia,70,3.0,-1,-1.0,58,-1.0,12.0,-1,244.0,-1.0,23793,82793,287380,Australia/Oceania,4.285714285714286,100.0,-1.7241379310344827
200,Fiji,66,-1.0,2,-1.0,57,-1.0,7.0,-1,73.0,2.0,32164,35702,900905,Australia/Oceania,-1.5151515151515151,-50.0,-1.7543859649122806
201,Falkland Islands,54,-1.0,-1,-1.0,51,-1.0,3.0,-1,15216.0,-1.0,7040,1983657,3549,South America,-1.8518518518518516,100.0,-1.9607843137254901
202,Macao,48,-1.0,-1,-1.0,47,-1.0,1.0,-1,73.0,-1.0,4369,6666,655394,Asia,-2.083333333333333,100.0,-2.127659574468085
203,Laos,47,-1.0,-1,-1.0,42,-1.0,5.0,-1,6.0,-1.0,119288,16235,7347794,Asia,-2.127659574468085,100.0,-2.380952380952381
204,Vatican City,27,-1.0,-1,-1.0,15,-1.0,12.0,-1,33666.0,-1.0,-1,-1,802,Europe,-3.7037037037037033,100.0,-6.666666666666667
205,Montserrat,20,-1.0,1,-1.0,14,-1.0,5.0,-1,4005.0,200.0,947,189628,4994,North America,-5.0,-100.0,-7.142857142857142
206,Wallis and Futuna,19,3.0,-1,-1.0,7,-1.0,12.0,1,1711.0,-1.0,1202,108269,11102,Australia/Oceania,15.789473684210526,100.0,-14.285714285714285
207,Solomon Islands,18,-1.0,-1,-1.0,14,-1.0,4.0,-1,26.0,-1.0,4500,6444,698349,Australia/Oceania,-5.555555555555555,100.0,-7.142857142857142
208,Western Sahara,10,-1.0,1,-1.0,8,-1.0,1.0,-1,16.0,2.0,-1,-1,607335,Africa,-10.0,-100.0,-12.5
209,Samoa,3,-1.0,-1,-1.0,2,-1.0,1.0,-1,15.0,-1.0,-1,-1,199319,Australia/Oceania,-33.33333333333333,100.0,-50.0
210,Vanuatu,3,-1.0,-1,-1.0,1,-1.0,2.0,-1,10.0,-1.0,470,1506,312033,Australia/Oceania,-33.33333333333333,100.0,-100.0
211,Total:,118146858,388763.0,2621297,9069.0,93848824,401854.0,21676737.0,89723,15157.1,336.3,-1,-1,-1,All,0.32905064644207466,0.3459737679476992,0.4281928988263082
